C101_50_RANDOM_REINDEXED

VEHICLE
NUMBER     CAPACITY
  25         200

CUSTOMER
CUST NO.  XCOORD.   YCOORD.    DEMAND   READY TIME  DUE DATE   SERVICE   TIME
 
    0      40         50          0          0       1236          0   
    1      45         68         10        912        967         90   
    2      42         66         10         65        146         90   
    3      42         68         10        727        782         90   
    4      40         69         20        621        702         90   
    5      40         66         20        170        225         90   
    6      38         70         10        534        605         90   
    7      35         66         10        357        410         90   
    8      25         85         20        652        721         90   
    9      22         85         10        567        620         90   
   10      20         85         40        475        528         90   
   11      15         75         20        179        254         90   
   12      15         80         10        278        345         90   
   13      30         52         20        914        965         90   
   14      28         52         20        812        883         90   
   15      25         50         10         65        144         90   
   16      25         52         40        169        224         90   
   17      23         52         10        261        316         90   
   18      23         55         20        546        593         90   
   19      20         55         10        449        504         90   
   20      10         35         20        200        237         90   
   21       8         40         40         87        158         90   
   22       8         45         20        751        816         90   
   23       5         45         10        665        716         90   
   24       0         40         30        479        522         90   
   25       0         45         20        567        624         90   
   26      35         32         10        166        235         90   
   27      33         32         20         68        149         90   
   28      32         30         10        359        412         90   
   29      30         30         10        541        600         90   
   30      30         35         10       1054       1127         90   
   31      28         35         10       1001       1066         90   
   32      26         32         10        815        880         90   
   33      44          5         20        286        347         90   
   34      42         10         40        186        257         90   
   35      40          5         30        385        436         90   
   36      40         15         40         35         87         90   
   37      38         15         10        651        740         90   
   38      50         30         10        531        610         90   
   39      50         40         50        171        218         90   
   40      48         40         10         76        129         90   
   41      47         40         10         12         77         90   
   42      95         30         30        387        456         90   
   43      53         30         10        450        505         90   
   44      53         35         50        353        412         90   
   45      90         35         10        203        260         90   
   46      88         35         20        109        170         90   
   47      85         35         30         47        124         90   
   48      72         55         10        265        338         90   
   49      60         55         10         20         84         90   
   50      62         80         30        196        239         90   
